rowid,time,plate_ID,Well,Condition,value,mean_OD,sd_OD
1,24,2931,A01,MT,1.763,1.6727343749999999,0.2884393277341531
2,24,2931,A02,MT,1.816,1.6727343749999999,0.2884393277341531
23,24,2931,A23,MT,1.76,1.6727343749999999,0.2884393277341531
24,24,2931,A24,MT,1.726,1.6727343749999999,0.2884393277341531
25,24,2931,B01,MT,1.8,1.6727343749999999,0.2884393277341531
26,24,2931,B02,MT,1.802,1.6727343749999999,0.2884393277341531
47,24,2931,B23,MT,1.713,1.6727343749999999,0.2884393277341531
48,24,2931,B24,MT,1.868,1.6727343749999999,0.2884393277341531
49,24,2931,C01,MT,1.739,1.6727343749999999,0.2884393277341531
50,24,2931,C02,MT,1.966,1.6727343749999999,0.2884393277341531
71,24,2931,C23,MT,1.735,1.6727343749999999,0.2884393277341531
72,24,2931,C24,MT,1.402,1.6727343749999999,0.2884393277341531
73,24,2931,D01,MT,1.615,1.6727343749999999,0.2884393277341531
74,24,2931,D02,MT,1.738,1.6727343749999999,0.2884393277341531
95,24,2931,D23,MT,1.705,1.6727343749999999,0.2884393277341531
96,24,2931,D24,MT,1.76,1.6727343749999999,0.2884393277341531
97,24,2931,E01,MT,1.811,1.6727343749999999,0.2884393277341531
98,24,2931,E02,MT,0.652,1.6727343749999999,0.2884393277341531
119,24,2931,E23,MT,1.702,1.6727343749999999,0.2884393277341531
120,24,2931,E24,MT,1.805,1.6727343749999999,0.2884393277341531
121,24,2931,F01,MT,1.786,1.6727343749999999,0.2884393277341531
122,24,2931,F02,MT,0.923,1.6727343749999999,0.2884393277341531
143,24,2931,F23,MT,1.696,1.6727343749999999,0.2884393277341531
144,24,2931,F24,MT,1.773,1.6727343749999999,0.2884393277341531
145,24,2931,G01,MT,2.211,1.6727343749999999,0.2884393277341531
146,24,2931,G02,MT,1.242,1.6727343749999999,0.2884393277341531
167,24,2931,G23,MT,1.74,1.6727343749999999,0.2884393277341531
168,24,2931,G24,MT,1.774,1.6727343749999999,0.2884393277341531
169,24,2931,H01,MT,1.967,1.6727343749999999,0.2884393277341531
170,24,2931,H02,MT,1.803,1.6727343749999999,0.2884393277341531
191,24,2931,H23,MT,1.738,1.6727343749999999,0.2884393277341531
192,24,2931,H24,MT,1.786,1.6727343749999999,0.2884393277341531
193,24,2931,I01,MT,1.795,1.6727343749999999,0.2884393277341531
194,24,2931,I02,MT,1.799,1.6727343749999999,0.2884393277341531
215,24,2931,I23,MT,1.019,1.6727343749999999,0.2884393277341531
216,24,2931,I24,MT,1.728,1.6727343749999999,0.2884393277341531
217,24,2931,J01,MT,1.777,1.6727343749999999,0.2884393277341531
218,24,2931,J02,MT,1.769,1.6727343749999999,0.2884393277341531
239,24,2931,J23,MT,1.843,1.6727343749999999,0.2884393277341531
240,24,2931,J24,MT,1.768,1.6727343749999999,0.2884393277341531
241,24,2931,K01,MT,1.917,1.6727343749999999,0.2884393277341531
242,24,2931,K02,MT,1.501,1.6727343749999999,0.2884393277341531
263,24,2931,K23,MT,1.759,1.6727343749999999,0.2884393277341531
264,24,2931,K24,MT,1.681,1.6727343749999999,0.2884393277341531
265,24,2931,L01,MT,1.824,1.6727343749999999,0.2884393277341531
266,24,2931,L02,MT,1.679,1.6727343749999999,0.2884393277341531
287,24,2931,L23,MT,0.572,1.6727343749999999,0.2884393277341531
288,24,2931,L24,MT,1.5,1.6727343749999999,0.2884393277341531
289,24,2931,M01,MT,1.526,1.6727343749999999,0.2884393277341531
290,24,2931,M02,MT,1.996,1.6727343749999999,0.2884393277341531
311,24,2931,M23,MT,0.981,1.6727343749999999,0.2884393277341531
312,24,2931,M24,MT,1.376,1.6727343749999999,0.2884393277341531
313,24,2931,N01,MT,1.786,1.6727343749999999,0.2884393277341531
314,24,2931,N02,MT,1.779,1.6727343749999999,0.2884393277341531
335,24,2931,N23,MT,1.714,1.6727343749999999,0.2884393277341531
336,24,2931,N24,MT,1.737,1.6727343749999999,0.2884393277341531
337,24,2931,O01,MT,1.774,1.6727343749999999,0.2884393277341531
338,24,2931,O02,MT,1.589,1.6727343749999999,0.2884393277341531
359,24,2931,O23,MT,1.732,1.6727343749999999,0.2884393277341531
360,24,2931,O24,MT,1.73,1.6727343749999999,0.2884393277341531
361,24,2931,P01,MT,1.819,1.6727343749999999,0.2884393277341531
362,24,2931,P02,MT,1.732,1.6727343749999999,0.2884393277341531
383,24,2931,P23,MT,1.764,1.6727343749999999,0.2884393277341531
384,24,2931,P24,MT,1.772,1.6727343749999999,0.2884393277341531
