rowid,time,plate_ID,Well,Condition,value,mean_OD,sd_OD
1,24,2931,A01,MT,1.763,1.6727343749999999,0.2884393277341531
2,24,2931,A02,MT,1.816,1.6727343749999999,0.2884393277341531
3,24,2931,A03,WT,0.241,0.230959375,0.03147803492903791
4,24,2931,A04,WT,0.272,0.230959375,0.03147803492903791
5,24,2931,A05,WT,0.262,0.230959375,0.03147803492903791
6,24,2931,A06,WT,0.23,0.230959375,0.03147803492903791
7,24,2931,A07,WT,0.264,0.230959375,0.03147803492903791
8,24,2931,A08,WT,0.281,0.230959375,0.03147803492903791
9,24,2931,A09,WT,0.26,0.230959375,0.03147803492903791
10,24,2931,A10,WT,0.264,0.230959375,0.03147803492903791
11,24,2931,A11,WT,0.257,0.230959375,0.03147803492903791
12,24,2931,A12,WT,0.25,0.230959375,0.03147803492903791
13,24,2931,A13,WT,0.264,0.230959375,0.03147803492903791
14,24,2931,A14,WT,0.264,0.230959375,0.03147803492903791
15,24,2931,A15,WT,0.239,0.230959375,0.03147803492903791
16,24,2931,A16,WT,0.343,0.230959375,0.03147803492903791
17,24,2931,A17,WT,0.287,0.230959375,0.03147803492903791
18,24,2931,A18,WT,0.251,0.230959375,0.03147803492903791
19,24,2931,A19,WT,0.271,0.230959375,0.03147803492903791
20,24,2931,A20,WT,0.277,0.230959375,0.03147803492903791
21,24,2931,A21,WT,0.314,0.230959375,0.03147803492903791
22,24,2931,A22,WT,0.246,0.230959375,0.03147803492903791
23,24,2931,A23,MT,1.76,1.6727343749999999,0.2884393277341531
24,24,2931,A24,MT,1.726,1.6727343749999999,0.2884393277341531
25,24,2931,B01,MT,1.8,1.6727343749999999,0.2884393277341531
26,24,2931,B02,MT,1.802,1.6727343749999999,0.2884393277341531
27,24,2931,B03,WT,0.257,0.230959375,0.03147803492903791
28,24,2931,B04,WT,0.214,0.230959375,0.03147803492903791
29,24,2931,B05,WT,0.207,0.230959375,0.03147803492903791
30,24,2931,B06,WT,0.229,0.230959375,0.03147803492903791
31,24,2931,B07,WT,0.283,0.230959375,0.03147803492903791
32,24,2931,B08,WT,0.243,0.230959375,0.03147803492903791
33,24,2931,B09,WT,0.265,0.230959375,0.03147803492903791
34,24,2931,B10,WT,0.27,0.230959375,0.03147803492903791
35,24,2931,B11,WT,0.302,0.230959375,0.03147803492903791
36,24,2931,B12,WT,0.244,0.230959375,0.03147803492903791
37,24,2931,B13,WT,0.27,0.230959375,0.03147803492903791
38,24,2931,B14,WT,0.261,0.230959375,0.03147803492903791
39,24,2931,B15,WT,0.289,0.230959375,0.03147803492903791
40,24,2931,B16,WT,0.229,0.230959375,0.03147803492903791
41,24,2931,B17,WT,0.248,0.230959375,0.03147803492903791
42,24,2931,B18,WT,0.26,0.230959375,0.03147803492903791
43,24,2931,B19,WT,0.244,0.230959375,0.03147803492903791
44,24,2931,B20,WT,0.229,0.230959375,0.03147803492903791
45,24,2931,B21,WT,0.238,0.230959375,0.03147803492903791
46,24,2931,B22,WT,0.248,0.230959375,0.03147803492903791
47,24,2931,B23,MT,1.713,1.6727343749999999,0.2884393277341531
48,24,2931,B24,MT,1.868,1.6727343749999999,0.2884393277341531
49,24,2931,C01,MT,1.739,1.6727343749999999,0.2884393277341531
50,24,2931,C02,MT,1.966,1.6727343749999999,0.2884393277341531
51,24,2931,C03,WT,0.191,0.230959375,0.03147803492903791
52,24,2931,C04,WT,0.283,0.230959375,0.03147803492903791
53,24,2931,C05,WT,0.204,0.230959375,0.03147803492903791
54,24,2931,C06,WT,0.227,0.230959375,0.03147803492903791
55,24,2931,C07,WT,0.263,0.230959375,0.03147803492903791
56,24,2931,C08,WT,0.241,0.230959375,0.03147803492903791
57,24,2931,C09,WT,0.241,0.230959375,0.03147803492903791
58,24,2931,C10,WT,0.198,0.230959375,0.03147803492903791
59,24,2931,C11,WT,0.262,0.230959375,0.03147803492903791
60,24,2931,C12,WT,0.234,0.230959375,0.03147803492903791
61,24,2931,C13,WT,0.215,0.230959375,0.03147803492903791
62,24,2931,C14,WT,0.216,0.230959375,0.03147803492903791
63,24,2931,C15,WT,0.221,0.230959375,0.03147803492903791
64,24,2931,C16,WT,0.232,0.230959375,0.03147803492903791
65,24,2931,C17,WT,0.239,0.230959375,0.03147803492903791
66,24,2931,C18,WT,0.207,0.230959375,0.03147803492903791
67,24,2931,C19,WT,0.249,0.230959375,0.03147803492903791
68,24,2931,C20,WT,0.202,0.230959375,0.03147803492903791
69,24,2931,C21,WT,0.205,0.230959375,0.03147803492903791
70,24,2931,C22,WT,0.206,0.230959375,0.03147803492903791
71,24,2931,C23,MT,1.735,1.6727343749999999,0.2884393277341531
72,24,2931,C24,MT,1.402,1.6727343749999999,0.2884393277341531
73,24,2931,D01,MT,1.615,1.6727343749999999,0.2884393277341531
74,24,2931,D02,MT,1.738,1.6727343749999999,0.2884393277341531
75,24,2931,D03,WT,0.217,0.230959375,0.03147803492903791
76,24,2931,D04,WT,0.227,0.230959375,0.03147803492903791
77,24,2931,D05,WT,0.244,0.230959375,0.03147803492903791
78,24,2931,D06,WT,0.2,0.230959375,0.03147803492903791
79,24,2931,D07,WT,0.247,0.230959375,0.03147803492903791
80,24,2931,D08,WT,0.233,0.230959375,0.03147803492903791
81,24,2931,D09,WT,0.304,0.230959375,0.03147803492903791
82,24,2931,D10,WT,0.222,0.230959375,0.03147803492903791
83,24,2931,D11,WT,0.234,0.230959375,0.03147803492903791
84,24,2931,D12,WT,0.212,0.230959375,0.03147803492903791
85,24,2931,D13,WT,0.214,0.230959375,0.03147803492903791
86,24,2931,D14,WT,0.227,0.230959375,0.03147803492903791
87,24,2931,D15,WT,0.228,0.230959375,0.03147803492903791
88,24,2931,D16,WT,0.225,0.230959375,0.03147803492903791
89,24,2931,D17,WT,0.272,0.230959375,0.03147803492903791
90,24,2931,D18,WT,0.236,0.230959375,0.03147803492903791
91,24,2931,D19,WT,0.202,0.230959375,0.03147803492903791
92,24,2931,D20,WT,0.219,0.230959375,0.03147803492903791
93,24,2931,D21,WT,0.237,0.230959375,0.03147803492903791
94,24,2931,D22,WT,0.253,0.230959375,0.03147803492903791
95,24,2931,D23,MT,1.705,1.6727343749999999,0.2884393277341531
96,24,2931,D24,MT,1.76,1.6727343749999999,0.2884393277341531
97,24,2931,E01,MT,1.811,1.6727343749999999,0.2884393277341531
98,24,2931,E02,MT,0.652,1.6727343749999999,0.2884393277341531
99,24,2931,E03,WT,0.255,0.230959375,0.03147803492903791
100,24,2931,E04,WT,0.343,0.230959375,0.03147803492903791
101,24,2931,E05,WT,0.234,0.230959375,0.03147803492903791
102,24,2931,E06,WT,0.229,0.230959375,0.03147803492903791
103,24,2931,E07,WT,0.245,0.230959375,0.03147803492903791
104,24,2931,E08,WT,0.219,0.230959375,0.03147803492903791
105,24,2931,E09,WT,0.208,0.230959375,0.03147803492903791
106,24,2931,E10,WT,0.233,0.230959375,0.03147803492903791
107,24,2931,E11,WT,0.224,0.230959375,0.03147803492903791
108,24,2931,E12,WT,0.22,0.230959375,0.03147803492903791
109,24,2931,E13,WT,0.217,0.230959375,0.03147803492903791
110,24,2931,E14,WT,0.233,0.230959375,0.03147803492903791
111,24,2931,E15,WT,0.241,0.230959375,0.03147803492903791
112,24,2931,E16,WT,0.224,0.230959375,0.03147803492903791
113,24,2931,E17,WT,0.235,0.230959375,0.03147803492903791
114,24,2931,E18,WT,0.228,0.230959375,0.03147803492903791
115,24,2931,E19,WT,0.224,0.230959375,0.03147803492903791
116,24,2931,E20,WT,0.22,0.230959375,0.03147803492903791
117,24,2931,E21,WT,0.23,0.230959375,0.03147803492903791
118,24,2931,E22,WT,0.221,0.230959375,0.03147803492903791
119,24,2931,E23,MT,1.702,1.6727343749999999,0.2884393277341531
120,24,2931,E24,MT,1.805,1.6727343749999999,0.2884393277341531
121,24,2931,F01,MT,1.786,1.6727343749999999,0.2884393277341531
122,24,2931,F02,MT,0.923,1.6727343749999999,0.2884393277341531
123,24,2931,F03,WT,0.232,0.230959375,0.03147803492903791
124,24,2931,F04,WT,0.264,0.230959375,0.03147803492903791
125,24,2931,F05,WT,0.244,0.230959375,0.03147803492903791
126,24,2931,F06,WT,0.225,0.230959375,0.03147803492903791
127,24,2931,F07,WT,0.224,0.230959375,0.03147803492903791
128,24,2931,F08,WT,0.256,0.230959375,0.03147803492903791
129,24,2931,F09,WT,0.237,0.230959375,0.03147803492903791
130,24,2931,F10,WT,0.203,0.230959375,0.03147803492903791
131,24,2931,F11,WT,0.204,0.230959375,0.03147803492903791
132,24,2931,F12,WT,0.207,0.230959375,0.03147803492903791
133,24,2931,F13,WT,0.226,0.230959375,0.03147803492903791
134,24,2931,F14,WT,0.247,0.230959375,0.03147803492903791
135,24,2931,F15,WT,0.222,0.230959375,0.03147803492903791
136,24,2931,F16,WT,0.228,0.230959375,0.03147803492903791
137,24,2931,F17,WT,0.239,0.230959375,0.03147803492903791
138,24,2931,F18,WT,0.226,0.230959375,0.03147803492903791
139,24,2931,F19,WT,0.21,0.230959375,0.03147803492903791
140,24,2931,F20,WT,0.239,0.230959375,0.03147803492903791
141,24,2931,F21,WT,0.243,0.230959375,0.03147803492903791
142,24,2931,F22,WT,0.207,0.230959375,0.03147803492903791
143,24,2931,F23,MT,1.696,1.6727343749999999,0.2884393277341531
144,24,2931,F24,MT,1.773,1.6727343749999999,0.2884393277341531
145,24,2931,G01,MT,2.211,1.6727343749999999,0.2884393277341531
146,24,2931,G02,MT,1.242,1.6727343749999999,0.2884393277341531
147,24,2931,G03,WT,0.246,0.230959375,0.03147803492903791
148,24,2931,G04,WT,0.261,0.230959375,0.03147803492903791
149,24,2931,G05,WT,0.225,0.230959375,0.03147803492903791
150,24,2931,G06,WT,0.277,0.230959375,0.03147803492903791
151,24,2931,G07,WT,0.224,0.230959375,0.03147803492903791
152,24,2931,G08,WT,0.234,0.230959375,0.03147803492903791
153,24,2931,G09,WT,0.19,0.230959375,0.03147803492903791
154,24,2931,G10,WT,0.188,0.230959375,0.03147803492903791
155,24,2931,G11,WT,0.194,0.230959375,0.03147803492903791
156,24,2931,G12,WT,0.209,0.230959375,0.03147803492903791
157,24,2931,G13,WT,0.177,0.230959375,0.03147803492903791
158,24,2931,G14,WT,0.201,0.230959375,0.03147803492903791
159,24,2931,G15,WT,0.103,0.230959375,0.03147803492903791
160,24,2931,G16,WT,0.219,0.230959375,0.03147803492903791
161,24,2931,G17,WT,0.211,0.230959375,0.03147803492903791
162,24,2931,G18,WT,0.218,0.230959375,0.03147803492903791
163,24,2931,G19,WT,0.222,0.230959375,0.03147803492903791
164,24,2931,G20,WT,0.227,0.230959375,0.03147803492903791
165,24,2931,G21,WT,0.213,0.230959375,0.03147803492903791
166,24,2931,G22,WT,0.211,0.230959375,0.03147803492903791
167,24,2931,G23,MT,1.74,1.6727343749999999,0.2884393277341531
168,24,2931,G24,MT,1.774,1.6727343749999999,0.2884393277341531
169,24,2931,H01,MT,1.967,1.6727343749999999,0.2884393277341531
170,24,2931,H02,MT,1.803,1.6727343749999999,0.2884393277341531
171,24,2931,H03,WT,0.235,0.230959375,0.03147803492903791
172,24,2931,H04,WT,0.235,0.230959375,0.03147803492903791
173,24,2931,H05,WT,0.234,0.230959375,0.03147803492903791
174,24,2931,H06,WT,0.232,0.230959375,0.03147803492903791
175,24,2931,H07,WT,0.237,0.230959375,0.03147803492903791
176,24,2931,H08,WT,0.245,0.230959375,0.03147803492903791
177,24,2931,H09,WT,0.243,0.230959375,0.03147803492903791
178,24,2931,H10,WT,0.242,0.230959375,0.03147803492903791
179,24,2931,H11,WT,0.209,0.230959375,0.03147803492903791
180,24,2931,H12,WT,0.237,0.230959375,0.03147803492903791
181,24,2931,H13,WT,0.207,0.230959375,0.03147803492903791
182,24,2931,H14,WT,0.242,0.230959375,0.03147803492903791
183,24,2931,H15,WT,0.536,0.230959375,0.03147803492903791
184,24,2931,H16,WT,0.268,0.230959375,0.03147803492903791
185,24,2931,H17,WT,0.228,0.230959375,0.03147803492903791
186,24,2931,H18,WT,0.219,0.230959375,0.03147803492903791
187,24,2931,H19,WT,0.202,0.230959375,0.03147803492903791
188,24,2931,H20,WT,0.201,0.230959375,0.03147803492903791
189,24,2931,H21,WT,0.222,0.230959375,0.03147803492903791
190,24,2931,H22,WT,0.217,0.230959375,0.03147803492903791
191,24,2931,H23,MT,1.738,1.6727343749999999,0.2884393277341531
192,24,2931,H24,MT,1.786,1.6727343749999999,0.2884393277341531
193,24,2931,I01,MT,1.795,1.6727343749999999,0.2884393277341531
194,24,2931,I02,MT,1.799,1.6727343749999999,0.2884393277341531
195,24,2931,I03,WT,0.243,0.230959375,0.03147803492903791
196,24,2931,I04,WT,0.221,0.230959375,0.03147803492903791
197,24,2931,I05,WT,0.226,0.230959375,0.03147803492903791
198,24,2931,I06,WT,0.205,0.230959375,0.03147803492903791
199,24,2931,I07,WT,0.191,0.230959375,0.03147803492903791
200,24,2931,I08,WT,0.209,0.230959375,0.03147803492903791
201,24,2931,I09,WT,0.185,0.230959375,0.03147803492903791
202,24,2931,I10,WT,0.208,0.230959375,0.03147803492903791
203,24,2931,I11,WT,0.197,0.230959375,0.03147803492903791
204,24,2931,I12,WT,0.212,0.230959375,0.03147803492903791
205,24,2931,I13,WT,0.214,0.230959375,0.03147803492903791
206,24,2931,I14,WT,0.208,0.230959375,0.03147803492903791
207,24,2931,I15,WT,0.203,0.230959375,0.03147803492903791
208,24,2931,I16,WT,0.222,0.230959375,0.03147803492903791
209,24,2931,I17,WT,0.228,0.230959375,0.03147803492903791
210,24,2931,I18,WT,0.215,0.230959375,0.03147803492903791
211,24,2931,I19,WT,0.196,0.230959375,0.03147803492903791
212,24,2931,I20,WT,0.21,0.230959375,0.03147803492903791
213,24,2931,I21,WT,0.219,0.230959375,0.03147803492903791
214,24,2931,I22,WT,0.203,0.230959375,0.03147803492903791
215,24,2931,I23,MT,1.019,1.6727343749999999,0.2884393277341531
216,24,2931,I24,MT,1.728,1.6727343749999999,0.2884393277341531
217,24,2931,J01,MT,1.777,1.6727343749999999,0.2884393277341531
218,24,2931,J02,MT,1.769,1.6727343749999999,0.2884393277341531
219,24,2931,J03,WT,0.205,0.230959375,0.03147803492903791
220,24,2931,J04,WT,0.214,0.230959375,0.03147803492903791
221,24,2931,J05,WT,0.229,0.230959375,0.03147803492903791
222,24,2931,J06,WT,0.236,0.230959375,0.03147803492903791
223,24,2931,J07,WT,0.216,0.230959375,0.03147803492903791
224,24,2931,J08,WT,0.222,0.230959375,0.03147803492903791
225,24,2931,J09,WT,0.239,0.230959375,0.03147803492903791
226,24,2931,J10,WT,0.24,0.230959375,0.03147803492903791
227,24,2931,J11,WT,0.213,0.230959375,0.03147803492903791
228,24,2931,J12,WT,0.24,0.230959375,0.03147803492903791
229,24,2931,J13,WT,0.21,0.230959375,0.03147803492903791
230,24,2931,J14,WT,0.22,0.230959375,0.03147803492903791
231,24,2931,J15,WT,0.249,0.230959375,0.03147803492903791
232,24,2931,J16,WT,0.241,0.230959375,0.03147803492903791
233,24,2931,J17,WT,0.217,0.230959375,0.03147803492903791
234,24,2931,J18,WT,0.224,0.230959375,0.03147803492903791
235,24,2931,J19,WT,0.22,0.230959375,0.03147803492903791
236,24,2931,J20,WT,0.228,0.230959375,0.03147803492903791
237,24,2931,J21,WT,0.217,0.230959375,0.03147803492903791
238,24,2931,J22,WT,0.223,0.230959375,0.03147803492903791
239,24,2931,J23,MT,1.843,1.6727343749999999,0.2884393277341531
240,24,2931,J24,MT,1.768,1.6727343749999999,0.2884393277341531
241,24,2931,K01,MT,1.917,1.6727343749999999,0.2884393277341531
242,24,2931,K02,MT,1.501,1.6727343749999999,0.2884393277341531
243,24,2931,K03,WT,0.202,0.230959375,0.03147803492903791
244,24,2931,K04,WT,0.196,0.230959375,0.03147803492903791
245,24,2931,K05,WT,0.217,0.230959375,0.03147803492903791
246,24,2931,K06,WT,0.219,0.230959375,0.03147803492903791
247,24,2931,K07,WT,0.205,0.230959375,0.03147803492903791
248,24,2931,K08,WT,0.211,0.230959375,0.03147803492903791
249,24,2931,K09,WT,0.206,0.230959375,0.03147803492903791
250,24,2931,K10,WT,0.226,0.230959375,0.03147803492903791
251,24,2931,K11,WT,0.207,0.230959375,0.03147803492903791
252,24,2931,K12,WT,0.196,0.230959375,0.03147803492903791
253,24,2931,K13,WT,0.209,0.230959375,0.03147803492903791
254,24,2931,K14,WT,0.205,0.230959375,0.03147803492903791
255,24,2931,K15,WT,0.206,0.230959375,0.03147803492903791
256,24,2931,K16,WT,0.218,0.230959375,0.03147803492903791
257,24,2931,K17,WT,0.214,0.230959375,0.03147803492903791
258,24,2931,K18,WT,0.238,0.230959375,0.03147803492903791
259,24,2931,K19,WT,0.201,0.230959375,0.03147803492903791
260,24,2931,K20,WT,0.213,0.230959375,0.03147803492903791
261,24,2931,K21,WT,0.219,0.230959375,0.03147803492903791
262,24,2931,K22,WT,0.228,0.230959375,0.03147803492903791
263,24,2931,K23,MT,1.759,1.6727343749999999,0.2884393277341531
264,24,2931,K24,MT,1.681,1.6727343749999999,0.2884393277341531
265,24,2931,L01,MT,1.824,1.6727343749999999,0.2884393277341531
266,24,2931,L02,MT,1.679,1.6727343749999999,0.2884393277341531
267,24,2931,L03,WT,0.225,0.230959375,0.03147803492903791
268,24,2931,L04,WT,0.214,0.230959375,0.03147803492903791
269,24,2931,L05,WT,0.218,0.230959375,0.03147803492903791
270,24,2931,L06,WT,0.208,0.230959375,0.03147803492903791
271,24,2931,L07,WT,0.218,0.230959375,0.03147803492903791
272,24,2931,L08,WT,0.225,0.230959375,0.03147803492903791
273,24,2931,L09,WT,0.237,0.230959375,0.03147803492903791
274,24,2931,L10,WT,0.213,0.230959375,0.03147803492903791
275,24,2931,L11,WT,0.223,0.230959375,0.03147803492903791
276,24,2931,L12,WT,0.212,0.230959375,0.03147803492903791
277,24,2931,L13,WT,0.223,0.230959375,0.03147803492903791
278,24,2931,L14,WT,0.23,0.230959375,0.03147803492903791
279,24,2931,L15,WT,0.267,0.230959375,0.03147803492903791
280,24,2931,L16,WT,0.219,0.230959375,0.03147803492903791
281,24,2931,L17,WT,0.211,0.230959375,0.03147803492903791
282,24,2931,L18,WT,0.233,0.230959375,0.03147803492903791
283,24,2931,L19,WT,0.222,0.230959375,0.03147803492903791
284,24,2931,L20,WT,0.21,0.230959375,0.03147803492903791
285,24,2931,L21,WT,0.232,0.230959375,0.03147803492903791
286,24,2931,L22,WT,0.211,0.230959375,0.03147803492903791
287,24,2931,L23,MT,0.572,1.6727343749999999,0.2884393277341531
288,24,2931,L24,MT,1.5,1.6727343749999999,0.2884393277341531
289,24,2931,M01,MT,1.526,1.6727343749999999,0.2884393277341531
290,24,2931,M02,MT,1.996,1.6727343749999999,0.2884393277341531
291,24,2931,M03,WT,0.215,0.230959375,0.03147803492903791
292,24,2931,M04,WT,0.211,0.230959375,0.03147803492903791
293,24,2931,M05,WT,0.196,0.230959375,0.03147803492903791
294,24,2931,M06,WT,0.23,0.230959375,0.03147803492903791
295,24,2931,M07,WT,0.241,0.230959375,0.03147803492903791
296,24,2931,M08,WT,0.228,0.230959375,0.03147803492903791
297,24,2931,M09,WT,0.22,0.230959375,0.03147803492903791
298,24,2931,M10,WT,0.211,0.230959375,0.03147803492903791
299,24,2931,M11,WT,0.208,0.230959375,0.03147803492903791
300,24,2931,M12,WT,0.208,0.230959375,0.03147803492903791
301,24,2931,M13,WT,0.173,0.230959375,0.03147803492903791
302,24,2931,M14,WT,0.271,0.230959375,0.03147803492903791
303,24,2931,M15,WT,0.209,0.230959375,0.03147803492903791
304,24,2931,M16,WT,0.193,0.230959375,0.03147803492903791
305,24,2931,M17,WT,0.212,0.230959375,0.03147803492903791
306,24,2931,M18,WT,0.193,0.230959375,0.03147803492903791
307,24,2931,M19,WT,0.216,0.230959375,0.03147803492903791
308,24,2931,M20,WT,0.203,0.230959375,0.03147803492903791
309,24,2931,M21,WT,0.252,0.230959375,0.03147803492903791
310,24,2931,M22,WT,0.199,0.230959375,0.03147803492903791
311,24,2931,M23,MT,0.981,1.6727343749999999,0.2884393277341531
312,24,2931,M24,MT,1.376,1.6727343749999999,0.2884393277341531
313,24,2931,N01,MT,1.786,1.6727343749999999,0.2884393277341531
314,24,2931,N02,MT,1.779,1.6727343749999999,0.2884393277341531
315,24,2931,N03,WT,0.264,0.230959375,0.03147803492903791
316,24,2931,N04,WT,0.224,0.230959375,0.03147803492903791
317,24,2931,N05,WT,0.211,0.230959375,0.03147803492903791
318,24,2931,N06,WT,0.208,0.230959375,0.03147803492903791
319,24,2931,N07,WT,0.223,0.230959375,0.03147803492903791
320,24,2931,N08,WT,0.232,0.230959375,0.03147803492903791
321,24,2931,N09,WT,0.244,0.230959375,0.03147803492903791
322,24,2931,N10,WT,0.208,0.230959375,0.03147803492903791
323,24,2931,N11,WT,0.227,0.230959375,0.03147803492903791
324,24,2931,N12,WT,0.218,0.230959375,0.03147803492903791
325,24,2931,N13,WT,0.201,0.230959375,0.03147803492903791
326,24,2931,N14,WT,0.212,0.230959375,0.03147803492903791
327,24,2931,N15,WT,0.205,0.230959375,0.03147803492903791
328,24,2931,N16,WT,0.215,0.230959375,0.03147803492903791
329,24,2931,N17,WT,0.224,0.230959375,0.03147803492903791
330,24,2931,N18,WT,0.225,0.230959375,0.03147803492903791
331,24,2931,N19,WT,0.226,0.230959375,0.03147803492903791
332,24,2931,N20,WT,0.184,0.230959375,0.03147803492903791
333,24,2931,N21,WT,0.21,0.230959375,0.03147803492903791
334,24,2931,N22,WT,0.219,0.230959375,0.03147803492903791
335,24,2931,N23,MT,1.714,1.6727343749999999,0.2884393277341531
336,24,2931,N24,MT,1.737,1.6727343749999999,0.2884393277341531
337,24,2931,O01,MT,1.774,1.6727343749999999,0.2884393277341531
338,24,2931,O02,MT,1.589,1.6727343749999999,0.2884393277341531
339,24,2931,O03,WT,0.258,0.230959375,0.03147803492903791
340,24,2931,O04,WT,0.213,0.230959375,0.03147803492903791
341,24,2931,O05,WT,0.245,0.230959375,0.03147803492903791
342,24,2931,O06,WT,0.225,0.230959375,0.03147803492903791
343,24,2931,O07,WT,0.208,0.230959375,0.03147803492903791
344,24,2931,O08,WT,0.245,0.230959375,0.03147803492903791
345,24,2931,O09,WT,0.242,0.230959375,0.03147803492903791
346,24,2931,O10,WT,0.219,0.230959375,0.03147803492903791
347,24,2931,O11,WT,0.229,0.230959375,0.03147803492903791
348,24,2931,O12,WT,0.21,0.230959375,0.03147803492903791
349,24,2931,O13,WT,0.207,0.230959375,0.03147803492903791
350,24,2931,O14,WT,0.22,0.230959375,0.03147803492903791
351,24,2931,O15,WT,0.295,0.230959375,0.03147803492903791
352,24,2931,O16,WT,0.241,0.230959375,0.03147803492903791
353,24,2931,O17,WT,0.222,0.230959375,0.03147803492903791
354,24,2931,O18,WT,0.235,0.230959375,0.03147803492903791
355,24,2931,O19,WT,0.238,0.230959375,0.03147803492903791
356,24,2931,O20,WT,0.233,0.230959375,0.03147803492903791
357,24,2931,O21,WT,0.228,0.230959375,0.03147803492903791
358,24,2931,O22,WT,0.214,0.230959375,0.03147803492903791
359,24,2931,O23,MT,1.732,1.6727343749999999,0.2884393277341531
360,24,2931,O24,MT,1.73,1.6727343749999999,0.2884393277341531
361,24,2931,P01,MT,1.819,1.6727343749999999,0.2884393277341531
362,24,2931,P02,MT,1.732,1.6727343749999999,0.2884393277341531
363,24,2931,P03,WT,0.252,0.230959375,0.03147803492903791
364,24,2931,P04,WT,0.275,0.230959375,0.03147803492903791
365,24,2931,P05,WT,0.25,0.230959375,0.03147803492903791
366,24,2931,P06,WT,0.236,0.230959375,0.03147803492903791
367,24,2931,P07,WT,0.279,0.230959375,0.03147803492903791
368,24,2931,P08,WT,0.273,0.230959375,0.03147803492903791
369,24,2931,P09,WT,0.279,0.230959375,0.03147803492903791
370,24,2931,P10,WT,0.278,0.230959375,0.03147803492903791
371,24,2931,P11,WT,0.276,0.230959375,0.03147803492903791
372,24,2931,P12,WT,0.262,0.230959375,0.03147803492903791
373,24,2931,P13,WT,0.255,0.230959375,0.03147803492903791
374,24,2931,P14,WT,0.273,0.230959375,0.03147803492903791
375,24,2931,P15,WT,0.242,0.230959375,0.03147803492903791
376,24,2931,P16,WT,0.265,0.230959375,0.03147803492903791
377,24,2931,P17,WT,0.248,0.230959375,0.03147803492903791
378,24,2931,P18,WT,0.272,0.230959375,0.03147803492903791
379,24,2931,P19,WT,0.298,0.230959375,0.03147803492903791
380,24,2931,P20,WT,0.234,0.230959375,0.03147803492903791
381,24,2931,P21,WT,0.244,0.230959375,0.03147803492903791
382,24,2931,P22,WT,0.252,0.230959375,0.03147803492903791
383,24,2931,P23,MT,1.764,1.6727343749999999,0.2884393277341531
384,24,2931,P24,MT,1.772,1.6727343749999999,0.2884393277341531
